4 0.703125 0.303088 0.065625 0.065698
4 0.706104 0.421582 0.062793 0.066211
4 0.711230 0.717078 0.068164 0.062720
4 0.707739 0.600000 0.059521 0.067383
4 0.747461 0.866736 0.080078 0.085278
4 0.452832 0.858484 0.081836 0.079907
4 0.243115 0.707554 0.026270 0.019268
4 0.304248 0.710266 0.063379 0.063843
4 0.303320 0.589648 0.065234 0.064453
4 0.141406 0.404919 0.067187 0.065161
4 0.135718 0.285046 0.059814 0.061157
4 0.187354 0.132812 0.069043 0.075000
4 0.334595 0.139539 0.074561 0.070923
4 0.457251 0.141858 0.079248 0.072534
4 0.602905 0.149329 0.072314 0.079468
