4 0.701904 0.304688 0.064941 0.068750
4 0.707031 0.419910 0.066406 0.063306
4 0.712500 0.717590 0.068750 0.064819
4 0.707739 0.600000 0.059521 0.067383
4 0.747461 0.866736 0.080078 0.085278
4 0.454492 0.859851 0.081641 0.083423
4 0.243103 0.706140 0.020044 0.022095
4 0.306250 0.709375 0.065234 0.064941
4 0.303320 0.589648 0.065234 0.064453
4 0.141406 0.405359 0.067187 0.064282
4 0.135498 0.285742 0.063379 0.062891
4 0.187061 0.131738 0.072754 0.070898
4 0.333862 0.139063 0.069775 0.075000
4 0.456030 0.141858 0.075439 0.072534
4 0.603979 0.149316 0.079541 0.076172
