4 0.436523 0.120605 0.091797 0.092773
4 0.750000 0.114746 0.089844 0.092773
4 0.273438 0.283691 0.070312 0.071289
4 0.713867 0.274902 0.076172 0.073242
4 0.271484 0.414551 0.074219 0.071289
4 0.709961 0.402832 0.068359 0.071289
4 0.707031 0.595215 0.074219 0.069336
4 0.704102 0.724121 0.076172 0.077148
4 0.595703 0.890625 0.082031 0.085938
4 0.437500 0.896973 0.085938 0.083008
4 0.302734 0.900879 0.082031 0.083008
4 0.096680 0.611816 0.072266 0.075195
4 0.090820 0.743164 0.068359 0.068359
4 0.145508 0.907715 0.080078 0.081055
