4 0.703125 0.305176 0.070312 0.067383
4 0.707031 0.421387 0.066406 0.065430
4 0.712891 0.719238 0.070312 0.067383
4 0.709961 0.600098 0.064453 0.067383
4 0.748047 0.867676 0.085938 0.083008
4 0.455078 0.860840 0.085938 0.084961
4 0.243164 0.708496 0.021484 0.026367
4 0.306641 0.710449 0.066406 0.065430
4 0.304688 0.590332 0.066406 0.067383
4 0.141602 0.407715 0.068359 0.069336
4 0.137695 0.286621 0.064453 0.065430
4 0.189453 0.133301 0.074219 0.075195
4 0.334961 0.139160 0.072266 0.075195
4 0.458008 0.144043 0.080078 0.077148
4 0.604492 0.149902 0.076172 0.081055
